0 Row - 0~32 ----   last~32 Pixels:
 15567  17745  15759  18834  15695  18578  15310  19475  14862  18001  14862  18450  15887  18578  15503  18770  15246  18770  15567  18578  15951  19795  16143  19218  14990  18962  15118  19410  15310  20051  15951  19410 ------- 11787  13773  11851  13132  11915  12876  11851  13517  11339  13260  11595  13068  11723  13645  11787  13773  18321  12556  18706  12556  18193  12940  18385  13325  18385  12940  18385  12171  17937  12556  19218  12684 

1 Row - 0~32 ----   last~32 Pixels:
 18193  13389  19218  12812  19154  12556  18706  13068  18962  13773  18578  13901  19667  12364  18962  13068  19026  13645  19154  13389  19026  13517  18514  13068  19282  13132  18962  13325  18706  13196  19475  12876 ------- 12812  10121  13325   9609  12940  10442  12940   9801  13325   9929  13517   9801  13325  10250  13132   9929      0      0      0      0      0      0      0      0      0      0      0      0      0      0      0      0 

 

2 Row - 0~32 ----   last~32 Pixels:
 15567  18257  14990  19282  15695  18578  15246  18706  15503  18578  15246  18385  15759  18642  15310  17681  15631  19090  15054  18642  16079  19731  15310  17425  15631  18962  16143  19090  15951  19026  15054  18770 ------- 11018  12684  11339  12300  11851  12940  11915  13132  11146  13325  11723  12876  11787  13196  11723  13068  18834  12940  18385  12492  18578  12556  18834  13517  18129  12364  17553  13260  18129  12364  18001  12748 

3 Row - 0~32 ----   last~32 Pixels:
 17873  12876  18706  13453  19026  13132  18834  12876  19154  12876  19539  13068  19282  13325  19090  12556  19026  12940  18450  13453  18514  13453  19282  13581  18257  13260  19667  13068  19603  13132  19282  13581 ------- 12940  10057  12812   9801  13389   9993  12812  10250  13581   9801  13260   9865  13709   9737  13068   9609      0      0      0      0      0      0      0      0      0      0      0      0      0      0      0      0 

captureOpencv() 실행 시간: 980 ms
0 Row - 0~32 ----   last~32 Pixels:
 15439  17809  15759  18898  14990  18321  15695  18706  14670  17937  15310  17873  15375  19090  15439  19859  16079  18834  15631  18321  16271  18962  15246  18642  15439  19346  15567  18834  16271  18642  16143  18770 ------- 11915  13773  11915  13453  11787  13581  12235  13581  11659  13581  11339  13132  11339  13389  11851  13068  19603  12492  19090  12812  18129  12556  18321  12556  18385  12556  18834  13004  17681  12492  18834  13453 

1 Row - 0~32 ----   last~32 Pixels:
 19218  13004  18770  12876  18898  12492  18962  13068  19539  13196  19090  13260  18514  13325  19859  13004  19346  13260  18706  13260  19795  13581  19859  13132  19987  13581  19475  13453  19539  13325  19026  13004 ------- 12940  10250  13004   9929  12876  10570  12876   9801  13132   9737  13196   9929  13965   9673  13260  10057      0      0      0      0      0      0      0      0      0      0      0      0      0      0      0      0 

2 Row - 0~32 ----   last~32 Pixels:
 15246  18706  15310  18321  15567  18129  15759  19475  15567  18193  14798  18706  16143  18834  15118  18578  15695  18514  15118  18578  15951  19090  15375  18642  15759  18962  16400  18962  16143  19667  15759  19154 ------- 11723  13068  11723  13260  11915  13068  11787  13325  11146  13645  11467  13389  11659  13645  11723  13581  18770  13068  18321  12556  18514  13260  19154  12748  18834  12940  17873  13389  18450  13004  19154  13389 

3 Row - 0~32 ----   last~32 Pixels:
 18834  12684  18450  12940  19026  13068  19090  13260  18578  13260  19410  13068  19475  13196  19026  12940  18450  13004  18706  13517  18898  13260  19154  13517  18001  13517  18450  13645  19154  12812  18514  13453 ------- 13260   9801  13004  10057  12940  10378  13068  10250  13709   9737  13837  10250  13837  10121  13645   9929      0      0      0      0      0      0      0      0      0      0      0      0      0      0      0      0 

^C


0 Row - 0~32 ----   last~32 Pixels:
 14862  17873  15246  17809  15054  18129  14734  18129  14990  17104  15054  18001  14414  17873  14734  17681  15182  17937  14862  17809  14606  18065  14926  18001  14990  18065  15246  18001  15246  17873  15310  18834 ------- 11082  12620  10698  12556  11210  12812  11082  12300  10826  12428  10890  12812  11210  12940  11146  12940  10698  13004  11403  12171  10890  12684  11210  12812  10570  12364  10826  12556  11403  12876  10698  12684 

1 Row - 0~32 ----   last~32 Pixels:
 18385  12300  17681  12171  17809  12300  17681  13132  17745  12235  17745  12428  17553  12748  17809  12364  18770  13068  17937  12812  18706  12940  17873  12428  18001  13068  18065  12812  18770  12876  18257  12748 ------- 12812   9353  12235   9673  12684   9609  12812   9801  12300   9481  12684   9993  13004   9609  11787   9417  12620   9801  13068   9481  12556  10121  12748   9929  13132   9353  12556   9673  12684   9545  13004   9353 

2 Row - 0~32 ----   last~32 Pixels:
 12556   9737  12684   9417  12364  10506  11851   9353  12684   9289  12428   9417  12428   9993  12492   9096      0      0      0      0      0      0      0      0      0      0      0      0      0      0      0      0 ------- 10890  12620  11082  12620  11595  12428  10570  12620  11210  12812  10826  12556  10826  13645  11531  12748  10698  12684  10826  12300  11339  12812  11146  13004  11275  12235  10634  12812  11403  12300  11082  13389 

3 Row - 0~32 ----   last~32 Pixels:
 10762  12364  11339  12812  11210  12940  10954  12428  10378  12107  11531  13196  10698  12684  11146  12492  10890  12748  11403  12556  11275  12235  11467  12107  11210  12876  10762  12492  11403  12620  11082  12364 ------- 12492   9737  12812  10121  12364  10250  12876   9801  13068   9865  12556   9993  12107   9737  12364   9865  12492   9353  12684   9737  12812   9737  12684   9609  12300   9801  12812   9609  13260   9609  13389   9801 

captureOpencv() 실행 시간: 948 ms
0 Row - 0~32 ----   last~32 Pixels:
 14542  18065  14798  18321  14350  17809  15182  18065  15375  17360  14606  17681  15118  18321  15695  18514  15567  18770  15439  18257  15439  19346  14926  18898  14478  18065  15951  18706  15375  18514  16207  18834 ------- 11275  12620  11018  12812  11082  12876  11018  13004  11018  13132  11082  12748  11210  12364  11082  12684  10826  12940  11210  12684  10890  12556  10954  12300  10378  13260  11210  12940  11210  12620  10826  12940 

1 Row - 0~32 ----   last~32 Pixels:
 17809  12812  17873  12492  17360  12364  17681  13389  18257  12364  18321  12364  17873  12620  18257  12556  18770  13260  18129  13004  18450  12876  18962  13325  18385  13132  18578  13325  17681  12812  18321  13068 ------- 12876   9929  12107   9673  12620   9609  13196   9609  12171   9545  12812   9481  12940   9481  12428   9417  12620   9865  12556   9801  12300  10121  12556   9417  12684   9737  12043   9545  12364   9481  12556   9609 

2 Row - 0~32 ----   last~32 Pixels:
 12364   9481  12748   9865  12492   9801  13132   9545  12684   9481  13389   9609  12300   9353  12364   9609      0      0      0      0      0      0      0      0      0      0      0      0      0      0      0      0 ------- 10890  12492  11146  13645  10890  12684  11531  12620  11595  12107  11146  12748  11275  12556  11275  13196  11146  12428  11659  13325  10954  13068  11339  13517  11595  12748  10826  13645  11018  12492  11018  12620 

3 Row - 0~32 ----   last~32 Pixels:
 10762  12043  11339  12556  11146  12428  11018  13132  10954  12876  11210  13004  11210  12428  11403  12940  11018  12235  11275  11787  11467  12748  11339  12428  10698  12812  10762  13132  11659  12940  11210  12812 ------- 13132   9481  12428  10057  12428   9929  12940   9929  13325   9801  12876   9929  13068   9865  13196   9801  12492   9353  12940   9673  12235   9737  12235   9545  13004   9609  12620   9801  13132   9673  12876   9929 

^C



0 Row - 0~32 ----   last~32 Pixels:
 14542  17553  14285  18193  14414  17617  15182  17360  14350  17104  14606  17104  15054  17745  15118  16848  14862  17617  14414  18257  15503  18257  15246  17937  15439  17553  15054  17232  15118  18450  15375  17937 ------- 10698  12748  10762  12556  10185  12748  10826  12684  10378  12043  10506  12812  10442  13132  10826  12556  10698  12235  11146  11467  10890  12812  10954  12364  10442  12235  10570  12492  10954  12428  10314  12940 

1 Row - 0~32 ----   last~32 Pixels:
 17425  12876  18065  12235  17232  12235  17809  13068  17489  11787  17360  12556  17489  12428  18001  12428  18129  12364  18706  12364  18834  12748  17360  12492  18706  12684  17873  12684  18129  12428  18385  12748 ------- 11275   9737  12428   8968  12107   9353  12364   9801  12428   9801  13260   9737  12684   9609  12684   9673  11787   9289  12300   9545  12556   9545  12364   9609  12364   9417  12556   9289  12364   9353  12364   9481 

2 Row - 0~32 ----   last~32 Pixels:
 11915   9481  12171   9289  11979   9673  12171   9289  12492   9545  12556   9673  12556   9545  12428   9673      0      0      0      0      0      0      0      0      0      0      0      0      0      0      0      0  14542  17809  14542  16912  15118  17681  14478  17809  14093  17617  14606  18065  14734  16976  14670  17360  14414  17937  14157  18001  14734  18578  15439  17617  15118  18321  15054  18834  15567  18385  14798  18193 ------- 10634  11915  10698  12428  10762  12556  10506  12492  11146  11915  10314  12300  10762  12300  11018  12428  10506  11787  10634  12235  10698  12556  10442  12235  10250  12428  10442  12748  10826  12492  10378  12748 

3 Row - 0~32 ----   last~32 Pixels:
 10762  12428  10826  12620  10826  12171  10634  12428  10762  12364  10378  12364  11018  12428  10890  12428  10698  12043  10890  11979  10570  11915  10570  12492  10185  12364  10570  12428  11082  11915  10442  12300 ------- 12620   9096  12364   9609  12043   9609  12428   9289  11659   9545  12364   9353  12235   9545  12235   9545  12300   9160  12812   9609  12620   9289  12235   9417  11915   9481  12364   9417  12492   9160  12428   9609 

captureOpencv() 실행 시간: 943 ms
0 Row - 0~32 ----   last~32 Pixels:
 14542  17489  14093  17489  15310  17489  14350  18385  14285  17425  14414  17553  14862  17681  14798  17168  14350  17553  14414  18385  14478  18129  14734  17873  14734  18257  14414  18450  14350  18642  15118  18065 ------- 10954  12684  10634  11787  10954  13068  10378  12364  10442  12300  10121  12428  10762  12235  10570  11915  10378  12171  10826  12300  10570  12107  10185  12235  10570  12107  10506  12428  10506  11979  10954  12364 

1 Row - 0~32 ----   last~32 Pixels:
 18001  11979  18065  12492  17745  12556  18065  12492  17296  12043  17553  11659  18065  12364  18257  12428  17745  12428  18193  12364  18321  12940  17232  12107  18834  13196  18065  12556  17617  12428  18642  12940 ------- 12107   9417  12428   9737  12300   9160  11851   9481  12235   9545  12107   9289  13004   9417  12171   9481  12556   9289  12107   9160  12364   9417  11595   8904  12107   9417  11851   8968  12043   9737  12300   9737 

2 Row - 0~32 ----   last~32 Pixels:
 12492   9865  11659   9865  12492   9737  11595   9481  12428   9353  12171   9481  12428   9353  12364   9993      0      0      0      0      0      0      0      0      0      0      0      0      0      0      0      0  14029  17681  14093  18385  14862  16784  14606  18065  14221  17040  14670  18257  13965  18321  14670  17296  14926  17681  14478  17681  14670  17425  14093  17873  14478  18193  14670  17809  14734  18257  15823  18129 ------- 10954  12300  11018  12556  10762  12684  10378  12171  11018  12043  10954  12684  10378  11979  10250  12492  10698  11915  10762  11915  11018  12043  10185  12300  10057  11979  10570  12043  10442  12428  10378  12364 

3 Row - 0~32 ----   last~32 Pixels:
 10698  11723  10185  12748  11018  12171  10378  12364  10314  12171  10698  12492  10762  11659  10890  12428  10378  11851  10250  11915  10826  12748  10057  12043  10762  11979  10378  12171  10121  12428  11018  12300 ------- 12556   9353  12684   9417  12620   9225  12428   9160  12364   9929  12107   8904  12620   9289  12171   9673  11915   9865  11787   9160  12235   9673  12171   9160  12940   9673  12107   9545  12556   9481  12556   9096 

^C


0 Row - 0~32 ----   last~32 Pixels:
 13645  16720  14285  17809  14542  17232  14478  17873  14350  16592  14478  16720  14990  17873  14029  17104  14478  17617  14862  17232  14862  17809  13837  18129  15182  17809  14990  17809  15503  17873  15567  18257 ------- 10250  11467  10442  11531  10121  11979  10634  12107  10698  11979  10506  12235  11018  11979  10570  12043  10057  11979  10698  12171  10121  11979  10378  11979   9929  11467   9801  11979  10698  12235  10698  11915 

1 Row - 0~32 ----   last~32 Pixels:
 17489  12876  19026  11915  17425  11595  17617  12684  17232  12428  18001  12748  17553  12043  17360  11467  18065  12556  18514  12364  17425  13325  16592  12492  17745  12684  18129  12620  18578  12364  17360  13004 ------- 11979   9225  11851   9353  12364   9545  11915   9929  11979   9032  11851   9096  12364   9289  11595   8904  11210   9417  12300   9032  12107   9353  12171   9353  11531   9160  11403   9417  12492   9289  12171   9929 

2 Row - 0~32 ----   last~32 Pixels:
 12684   9417  11915   9096  11595   9865  11595   9289  12107   8840  12043   9545  12684   9353  12300   9545      0      0      0      0      0      0      0      0      0      0      0      0      0      0      0      0 ------- 10826  11851  10506  12171  11146  12171  10634  11915  10250  12043  10314  11595  10057  12235  10057  11723   9737  12235  10826  11915  10185  11723  10506  11659  10570  12171  10121  12364  10442  11979  10506  12235 

3 Row - 0~32 ----   last~32 Pixels:
 10250  11595  10442  12364  10442  11851  10698  12620  10826  12300  10185  12748   9673  12300  10442  12492  10762  11979  10442  12748  10698  11787  10314  11787  10250  12043  10378  12300  10506  12235  10442  12364 ------- 11723   9737  12171   9160  11595   9032  11467   9225  12300   9417  12428   9417  12300   8840  12043   9417  12171   9353  12171   9225  11915   9737  11915   9032  12428   9545  12171   9160  12043   9609  12171  10121 

captureOpencv() 실행 시간: 953 ms
0 Row - 0~32 ----   last~32 Pixels:
 14414  17873  13773  17425  14285  17873  14606  17553  14350  17617  14798  16848  14221  17553  14542  17360  14285  17296  14350  18450  14542  18450  14478  17745  14606  17360  14350  18321  14734  18962  15054  18642 ------- 10506  11915  10250  11915  10506  12043  10314  12428  10762  11723   9993  12171  10442  11915  10250  11979  10634  12300  10570  12428  10378  12043   9801  13004  10121  12876  10762  12300  10442  12107   9993  12364 

1 Row - 0~32 ----   last~32 Pixels:
 17489  12107  18129  12107  17104  12300  17489  12171  17617  11787  17232  12364  17104  12300  17489  12364  18065  12556  17681  12171  18001  12620  16976  11787  17425  12748  18129  12043  18257  11851  17745  12620 ------- 11979   9032  12043   8968  11595   9417  12428   9289  11723   9545  11082   9096  11915   9032  11467   8904  11979   9545  12235   9289  12235   9417  11979   8968  11851   9096  11979   9289  11915   9353  12300   9353 

2 Row - 0~32 ----   last~32 Pixels:
 12364   8968  12043   9160  11659   9481  11915   9225  11851   9032  12171   8776  12043   9673  11531   9096      0      0      0      0      0      0      0      0      0      0      0      0      0      0      0      0 ------- 10570  11723  10442  12364  10442  12107  10698  11851  10762  11723  10570  11851   9993  11787  10570  12364  10250  12428  10762  12364  10698  11531   9993  11723  10506  11531  10185  11979  10570  11915  10121  12107 

3 Row - 0~32 ----   last~32 Pixels:
 10890  11851  10121  11787  10506  12428  10057  11851  10442  12043  10185  12620  10250  11723  10442  11787  10057  11851  10250  11851  10185  11851  10890  12043  10250  12043  10250  11659  10314  12171  10570  12235 ------- 11979   9353  12492   9481  12235   8968  12171   8776  12428   9289  11723   8648  12171   9481  12235   9609  12300   9096  12107   9160  12171   9225  11915   8904  12043   8968  11659   8840  11595   9289  12107   9417 

^C




0 Row - 0~32 ----   last~32 Pixels:
 13645  16848  13773  16912  13453  16592  13773  16528  13901  16784  14093  16912  13453  16848  14157  17040  14221  17873  14093  17425  14029  18001  14670  16720  14029  17232  14285  16848  14414  17809  14478  17232 -------  9993  11659  10314  11915   9929  11146   9865  11915  10057  11595   9609  11787  10250  11979  10314  11467  17425  12364  17553  11851  16848  11531  17296  12043  17617  12492  17168  11659  16848  12492  17489  11851 

1 Row - 0~32 ----   last~32 Pixels:
 17489  12556  17873  12812  17360  11659  16720  12364  17873  12428  17360  12556  17553  12235  17681  12235  17553  12684  17104  11979  18450  12428  17745  12300  17553  12748  18257  12364  17745  12428  18385  12876 ------- 11723   9032  11659   9032  11595   9225  12300   8392  11723   8840  11659   9289  12492   8968  11595   8648      0      0      0      0      0      0      0      0      0      0      0      0      0      0      0      0 

2 Row - 0~32 ----   last~32 Pixels:
 13773  17296  13901  16592  14990  16848  13965  17745  14221  17360  13260  17489  14157  17489  13773  16912  14029  17937  14029  16784  14285  17745  14414  17873  14990  18193  14285  17232  14798  18450  14029  17296 -------  9801  11210   9993  11403   9929  11339  10121  11659   9545  12235   9929  11723  10185  11915   9929  11595  17168  11659  17296  12428  17296  11787  17617  12428  17745  11915  16143  12043  17104  12492  16784  11659 

3 Row - 0~32 ----   last~32 Pixels:
 17553  11979  17104  11979  16720  11979  17489  12171  17489  12300  17809  12235  17232  11979  16912  11979  18065  12620  18193  13004  17873  12235  17745  12428  16464  12428  17296  12364  17360  12556  17296  12620 ------- 11210   9096  11275   8840  11979   9225  11915   9160  11531   8840  11787   8968  11531   8648  11723   8840      0      0      0      0      0      0      0      0      0      0      0      0      0      0      0      0 

captureOpencv() 실행 시간: 976 ms
0 Row - 0~32 ----   last~32 Pixels:
 13453  17232  14414  17104  13837  17104  14157  17681  13837  16335  14221  17040  14990  16335  14157  16528  14157  16720  14542  17296  13901  17489  13709  16656  13837  17168  14285  17617  13837  18321  13837  17489 -------  9225  11787   9929  11531   9481  11082   9737  11467  10057  11531   9737  11210   9801  11851   9929  11787  17296  12107  16848  11723  16784  11723  16912  12235  16976  11595  17232  11659  17040  12107  18321  11787 

1 Row - 0~32 ----   last~32 Pixels:
 17232  11915  17681  11979  17617  12171  16912  11851  16976  12171  16976  11915  16912  13068  18193  12171  17296  12492  17745  11915  16976  12684  17809  11787  18065  12043  17745  12171  17809  12300  17681  12620 ------- 11339   9225  10826   8840  11210   9225  11403   8712  11403   9096  11146   8904  11210   8904  11723   8904      0      0      0      0      0      0      0      0      0      0      0      0      0      0      0      0 

2 Row - 0~32 ----   last~32 Pixels:
 13965  17425  13709  17168  14414  17040  13389  17873  13837  16656  13901  16720  14093  17104  13837  16656  14221  17360  14093  17489  13645  16976  13389  17104  14285  16784  13645  16784  14221  17873  14093  17489 -------  9737  10762   9801  11339   9865  11210  10698  11595   9737  11723   9609  11018   9993  11595  10121  11275  16207  11915  17296  11595  17296  11787  16976  11787  16720  11659  15951  12235  16976  11787  16592  11787 

3 Row - 0~32 ----   last~32 Pixels:
 17489  11851  16912  12684  16848  11851  17809  12364  17040  12043  17489  12235  18065  12300  17425  11339  17617  12684  17489  12428  17873  12364  17553  12107  17617  12300  17617  12171  18385  11787  17360  12364 ------- 11403   9032  11082   8840  11339   8776  11595   8648  11275   8968  11851   9225  11787   9289  11531   9032      0      0      0      0      0      0      0      0      0      0      0      0      0      0      0      0 

^C

0 Row - 0~32 ----   last~32 Pixels:
 13453  16656  13517  16912  13453  16079  14093  16912  13196  16400  13196  16335  13773  16720  13389  16592  13709  16912  13837  16271  13517  17168  13068  16143  13901  16528  13773  17232  14285  17168  14414  16720 -------  9545  10954   9737  11082   9673  11723   9353  11787   9481  11531   9417  11403   9353  10954   9737  11403  16143  11275  17360  11531  15631  11082  16912  11723  16976  11787  16143  11146  16656  11403  16464  12235 

1 Row - 0~32 ----   last~32 Pixels:
 16464  11979  16656  11659  17232  11275  16592  12107  17040  12300  16592  11275  16528  11915  17232  11787  16720  12171  17168  11915  17232  11723  17809  11851  17937  12235  16079  12428  17296  12300  17232  11979 ------- 11082   8520  11082   8392  10890   8712  11082   8456  11531   8904  11018   8968  11082   8904  11275   8135      0      0      0      0      0      0      0      0      0      0      0      0      0      0      0      0 

2 Row - 0~32 ----   last~32 Pixels:
 14350  16271  13581  16528  13389  16976  13709  17681  13837  16271  13901  16784  13709  16271  13965  17232  13325  17360  13773  16143  14221  16784  13517  16976  14285  16400  13965  16848  13901  17617  13453  17040 -------  9865  10890   9481  10890   9673  11146   9737  10890   9032  11339   9353  11082   9545  11018   9096  10570  16976  11531  17168  11403  15887  11467  16528  12364  15887  11467  15567  11851  16271  11531  17617  11467 

3 Row - 0~32 ----   last~32 Pixels:
 17296  11467  16271  12043  16848  12107  16976  11979  16912  11979  16656  12171  17296  12300  15887  11403  16912  12043  16207  12684  17232  11915  17040  11915  17232  12364  17296  12556  17296  11979  17296  12043 ------- 11275   8200  10762   8712  11146   8456  11210   8520  11531   8840  10826   8648  10954   8584  11531   8520      0      0      0      0      0      0      0      0      0      0      0      0      0      0      0      0 

captureOpencv() 실행 시간: 974 ms
0 Row - 0~32 ----   last~32 Pixels:
 13901  16784  13325  15631  13965  17104  13325  17296  13645  16784  13709  16079  13260  16912  13965  17040  13837  16720  14670  17168  14157  17425  13901  16656  14157  16976  14157  16656  14734  17617  14157  17232 -------  9609  11339   9481  11275   9225  11339   9737  10954   9225  11275   9737  11275   9865  11146   9481  10698  16271  11723  16784  11787  16528  11595  16976  11851  16335  11787  16912  11467  15951  11851  17873  11467 

1 Row - 0~32 ----   last~32 Pixels:
 16976  11595  17232  12107  17617  12300  16335  11787  16592  12171  16848  12556  17425  11659  17425  12300  17489  12300  17360  12300  18193  11915  17296  12300  17168  11723  16912  12171  17553  12748  16976  12300 ------- 11018   8264  11018   8520  11082   9032  11403   8520  11275   8776  11339   8520  11082   8584  11018   8648      0      0      0      0      0      0      0      0      0      0      0      0      0      0      0      0 

2 Row - 0~32 ----   last~32 Pixels:
 13517  16143  13325  17040  13709  17232  13709  17168  14157  16464  13196  16720  13965  17745  14157  17168  13196  17553  13837  17040  14029  17425  13389  17232  14029  16912  14093  17168  14157  16848  14029  17232 -------  9481  11082   9801  11210   9993  11403   9160  10570   9481  11082   9225  10954   9737  11403   9993  11210  16592  11467  16143  11595  16143  11146  16912  12043  16720  11915  16335  11467  16015  11531  17040  12043 

3 Row - 0~32 ----   last~32 Pixels:
 16784  12300  17360  12171  17168  11915  17168  11979  17489  12235  16528  11915  18385  11915  17104  11659  16464  11915  16912  12492  17104  12492  17489  12492  17553  11979  17168  12300  16784  12235  17425  12235 ------- 11082   8584  11403   9225  11275   8840  11146   8712  11275   8584  11659   8520  11723   8584  11339   8584      0      0      0      0      0      0      0      0      0      0      0      0      0      0      0      0 

^C






0 Row - 0~32 ----   last~32 Pixels:
 13645  16656  13581  16400  13325  16207  13773  17104  13389  16079  13965  15759  13709  17040  13389  17360  13325  16207  13773  17360  13389  17296  13325  16656  13837  17104  13773  16271  14285  17168  14157  16848 -------  8840  10762   9417  11146  10057  11467   8584  10762   9545  10762   9289  10954   9032  10442   9225  10826  16207  11723  16848  11787  16464  11467  16400  11915  16528  11339  16015  11146  15823  11339  16656  11467 

1 Row - 0~32 ----   last~32 Pixels:
 16207  11659  16784  11531  16528  11403  16464  11723  17104  12235  17360  12043  17425  12043  17360  11531  16912  11595  17104  11979  17104  11723  17617  12300  17489  12107  16976  11979  17425  12492  17168  11915 ------- 10890   8200  10826   8392  11146   8520  10634   8200  10762   8456  10442   8776  11082   8328  10570   8264      0      0      0      0      0      0      0      0      0      0      0      0      0      0      0      0 

2 Row - 0~32 ----   last~32 Pixels:
 13773  16464  13517  17168  13196  16528  13325  16656  13837  16079  13453  16464  13389  16656  13517  15759  13709  17232  13389  16912  13325  16976  13965  16848  13581  15951  14350  16848  13517  17104  13453  17296 -------  9096  10185   9417  10826   9225  10762   9481  11018   9289  10954   9096  11018   9417  10826   9096  10442  16079  11787  16015  11339  16207  11403  16079  11146  16079  11275  15439  11787  16271  11851  16400  11595 

3 Row - 0~32 ----   last~32 Pixels:
 16271  11210  16207  11403  16720  11531  16400  11659  16976  11595  17232  11851  17104  11787  17168  11659  16720  11659  17168  12171  16464  12043  16976  12300  16720  11659  16784  11659  16592  11659  16784  12428 ------- 10634   8328  11146   8071  10826   8648  10826   8392  10442   8264  10634   8328  10570   8200  11403   8135      0      0      0      0      0      0      0      0      0      0      0      0      0      0      0      0 

2463 Row - 0~32 ----   last~32 Pixels:
  5765   5189   5637   5445   5381   5253   5445   5253   5701   5381   5381   5189   5445   5445   5445   5253   5637   5253   5765   5253   5701   5189   5317   5381   5509   5189   5509   5317   5509   5317   5637   5253 -------  9545   6662   8904   6662   8840   6854   9353   6726   8968   6790   9032   6790   8904   6790   8968   6790      0      0      0      0      0      0      0      0      0      0      0      0      0      0      0      0 

2464 Row - 0~32 ----   last~32 Pixels:
     0      0      0      0      0      0      0      0      0      0      0      0      0      0      0      0      0      0      0      0      0      0      0      0      0      0      0      0      0      0      0      0 -------     0      0      0      0      0      0      0      0      0      0      0      0      0      0      0      0      0      0      0      0      0      0      0      0      0      0      0      0      0      0      0      0 

2465 Row - 0~32 ----   last~32 Pixels:
     0      0      0      0      0      0      0      0      0      0      0      0      0      0      0      0      0      0      0      0      0      0      0      0      0      0      0      0      0      0      0      0 -------     0      0      0      0      0      0      0      0      0      0      0      0      0      0      0      0      0      0      0      0      0      0      0      0      0      0      0      0      0      0      0      0 



captureOpencv() 실행 시간: 995 ms
0 Row - 0~32 ----   last~32 Pixels:
 13453  16720  14157  16848  13389  16271  13709  17681  13132  16079  13260  16143  14029  16784  13453  17168  
 14093  17168  13453  16976  14029  17232  14157  16912  14029  17617  14093  17104  14093  17232  14478  17232 
 -------  
 9160  11018   9545  10890   9417  10954   9545  10762   8904  10570   9289  10890   9545  11018     
 17040  11403  16656  11915  16400  12235  16271  11787  16912  11595  16079  11467  16079  11403  17425  11787 



1 Row - 0~32 ----   last~32 Pixels:
 16976  12043  17232  12235  17168  12107  15823  11787  17489  11979  17232  11979  16976  11595  18257  12171  
 17040  12428  17360  11723  17360  12043  17360  12171  17425  12492  17425  12492  17553  12043  18385  12428 
 ------- 
 10826   8392  10634   8456  10698   8776  11082   8584  10826   8392  11210   8392  10698   8392  11146   8392      
 0      0      0      0      0      0      0      0      0      0      0      0      0      0      0      0 


2 Row - 0~32 ----   last~32 Pixels:
 13965  16592  13773  16207  13196  17168  13517  16400  14157  17617  13453  16143  13260  16592  13965  16271  
 13581  16848  13132  17040  14221  18450  14157  17681  14029  16528  13773  16720  14542  17168  14221  17617 
 -------  
 9160  10890   9929  10378   9929  11403   8840  11210   9353  11531   9545  10762   9673  11531   9417  10506  
 16015  11403  16528  11403  16592  11467  17360  11210  16848  11275  15951  12043  16271  11531  16400  11531 


3 Row - 0~32 ----   last~32 Pixels:
 16720  11851  16271  11915  18257  12171  17232  11723  16912  12235  17296  11723  18065  12107  17296  11595  
 17360  11531  16720  12235  16656  11403  16720  11723  17232  11595  17040  12364  17296  11659  17296  12235 
 ------- 
 10250   8200  10762   8392  11275   8200  10954   8328  10826   8200  10890   8584  11339   8392  10762   8456      
 0      0      0      0      0      0      0      0      0      0      0      0      0      0      0      0 


2463 Row - 0~32 ----   last~32 Pixels:
  5637   5381   5445   5381   5381   5060   5573   5189   5573   5125   5573   5189   5701   5317   5573   5253   
  5509   5445   5381   5060   5509   5317   5381   5189   5381   5253   5573   5060   5701   5317   5381   5381 
  -------  
  9417   6726   8968   7239   9225   6662   8648   6662   8648   6854   8840   6662   9032   6406   8520   6790      
  0      0      0      0      0      0      0      0      0      0      0      0      0      0      0      0 


2464 Row - 0~32 ----   last~32 Pixels:
     0      0      0      0      0      0      0      0      0      0      0      0      0      0      0      0     
     0      0      0      0      0      0      0      0      0      0      0      0      0      0      0      0 
     ------- 
     13325  15951  12620  15246  12171  15503  12620  14798  13196  16015  12492  15054  13004  14798  12556  15567  
     13004  15054  13196  15310  12748  14926  12620  14734  12620  15182  12812  15503  12748  15631  12812  14926 

2465 Row - 0~32 ----   last~32 Pixels:
 12748  14798  12684  15695  12876  15375  12812  15503  12940  15310  12876  14606  13004  15439  12620  15310  13196  15118  12492  14670  13260  15118  13517  14798  12748  15246  12428  14478  12684  14670  12940  15310 ------- 15695  11787  15567  11787  15567  11210  15310  11851  15439  11787  14670  11851  15310  11979  14862  12107  14990  12235  15439  12364  14862  11595  15375  12107  15310  11787  14862  11595  14926  12300  15054  12043 

q^C
server@ser


0 Row - 0~32 ----   last~32 Pixels:
 12876  15951  14029  16592  13709  16720  13389  17040  13453  16464  13581  16976  13453  17296  13389  16143  13901  17232  13581  16592  14478  16335  14093  16079  13773  16848  13837  16528  14157  17168  13453  17873 -------  9289  10954   9225  11146   9032  10506   9673  10954   9929  10762   9032  10442   9289  11018   9289  10890   9865  11210   9673  10570   9481  10826   9160  11146   9289  10698   9289  10762   9545  10826   9545  11082 

1 Row - 0~32 ----   last~32 Pixels:
 16335  11275  16464  11339  16015  11210  16528  11275  16848  11339  16400  11146  16720  11851  16912  11723  16015  11403  16592  12043  16015  11659  16464  11659  16207  11339  16464  11531  17553  12171  16848  12043 ------- 11210   8071  10634   8584  10698   8007  11210   8584  10890   8520  10954   8328  10826   8712  10506   8712  10954   8456  10185   8520  10698   8648  11018   8392  10762   8007  10826   8392  10698   8007  10570   8776 

2 Row - 0~32 ----   last~32 Pixels:
 10954   8071  11018   8328  11210   8392  11018   8264  11146   8456  10698   8520  10954   8328  10698   8904      0      0      0      0      0      0      0      0      0      0      0      0      0      0      0      0 -------  9609  10890   9545  10890   9417  11210   9545  11018   9801  10698   9032  10890   9417  10954   9225  10954   9096  10506   9417  10762   9609  11018   9609  11531   9353  11339   9609  10698   9096  10954   9096  10954 

3 Row - 0~32 ----   last~32 Pixels:
  9353  10634   9545  11275   9865  11275   9417  10954   9673  10378   9609  10442   9160  10954   9545  10826   9545  10570   9353  10954   9929  10634   9417  10826   8968  10762   9032  10826   9609  11018   9481  10890 ------- 10954   8328  11787   8840  11146   8456  10826   8712  11467   8520  11018   8520  11339   8648  10698   8776  11275   8904  11146   8392  11146   8712  10762   8007  11082   8392  10954   8264  10826   8648  10954   8200 

2463 Row - 0~32 ----   last~32 Pixels:
 18578  23895  17425  21717  17232  20692  15887  19923  15375  18578  13645  15951  12940  14157  12492  13196  11467  11146  11339  10250  11146   9993  10890   9160   9993   8776   9737   8456   9096   8392   8968   7879 ------- 34657  23959  33056  24023  34401  24215  34145  24023  36451  24023  38181  24920  37540  25176  37220  25304  36771  24664  36835  24664  34017  23703  32928  24728  31582  22485  29340  21204  27995  19731  24984  18834 

2464 Row - 0~32 ----   last~32 Pixels:
 24343  18385  23190  17745  21012  16848  19410  15375  18770  13965  16976  13709  14478  11723  13132  11146  12556   9929  10442   9032   9417   8648   9289   7943   8520   7303   8520   7175   7943   6662   7943   6662 ------- 28059  33376  29148  34850  28443  33056  28828  34721  29276  34145  28315  34273  29212  34657  28700  34017  28507  34593  27482  34401  27610  34850  28123  33825  28956  34145  28187  32992  28059  31967  26137  32800 

2465 Row - 0~32 ----   last~32 Pixels:
 27931  34273  28443  33440  28251  35426  30237  36259  29596  37220  30685  37668  30942  37348  29789  37540  28315  34850  27098  36195  25432  32415  24087  31390  21909  29917  21332  27546  19667  26137  19154  24407 ------- 33248  23639  34721  24471  34209  23831  34850  24023  34785  23126  34337  23446  34721  24471  34145  23510  34593  23446  34529  22934  33248  23126  33696  23510  34785  24343  33440  23382  33568  23062  33312  23062 

captureOpencv() 실행 시간: 979 ms
0 Row - 0~32 ----   last~32 Pixels:
 13773  16464  13196  16592  13773  16400  13773  16528  13068  15695  12940  16143  13453  16143  13517  16335  13517  16656  13581  16528  13773  17296  13132  16592  13901  16528  13517  18065  13260  17489  14350  16271 -------  9225  10890   9481  10634   9673  10954   9673  10890   9801  10954   9225  10570   9353  10826   8968  11210   9225  10570   9096  10634   8968  10762   9289  10954   9032  11018  10057  11018   9353  10890   9865  10954 

1 Row - 0~32 ----   last~32 Pixels:
 15951  11210  16464  11659  15951  11595  16143  11595  16464  11595  15310  11210  15887  11659  15823  11275  16400  11339  17104  11403  17104  11659  16271  11403  17040  11659  16848  11659  16207  11595  16720  12107 ------- 11339   7879  10634   8968  11018   8776  10826   8584  10570   8264  11082   8200  10698   8584  10570   8712  10634   8200  10698   8584  10826   8264  10634   8328  10442   8776  10057   8135  10890   8648  10314   8392 

2 Row - 0~32 ----   last~32 Pixels:
 10570   8456  11018   8328  10506   8520  10442   8007  10378   8071  10698   8392  11082   8392  11018   8264      0      0      0      0      0      0      0      0      0      0      0      0      0      0      0      0 -------  9225  11146   9417  11018   9609  11403   9289  10185   9737  10890   9417  11082   9160  11275   9481  11082   9353  10826   9929  10698   9673  10762   8904  11531   9545  11082   9545  10314   9289  10826   9609  11018 

3 Row - 0~32 ----   last~32 Pixels:
  8904  10762   9481  11146   9160  10698   9545  10954   9673  11082   9032  10506   9417  10762   9417  10890   9481  11018   9096  10442   9417  10826   9225  10634   9609  10506   9160  10570   9225  10570   9225  10826 ------- 11146   8135  10826   8712  10698   8520  10506   8328  10890   8392  10314   8328  10954   8520  11146   8264  10890   8328  10826   8776  10826   8392  10826   8200  10762   8200  10442   8071  11146   8520  10634   8392 

2463 Row - 0~32 ----   last~32 Pixels:
 19218  23703  18001  22229  17296  21973  15375  19603  15118  18385  14285  16271  12684  14670  12748  13260  11082  11979  11403  10250  11146   9545  10314   9225  10185   8840   9481   8520   9545   8520   8776   8071 ------- 34785  23895  32992  24343  34401  24407  36451  24087  38117  25176  39590  24279  38757  24664  37220  25368  37604  25112  38757  25560  34465  24792  32671  23831  31326  23062  29468  21845  28379  20756  26201  20371 

2464 Row - 0~32 ----   last~32 Pixels:
 25304  18257  23639  18193  22485  17168  20500  15246  19282  14734  16656  13325  14478  11915  12940  10634  11659  10185  10442   9353   9865   8456   8968   8200   8840   7303   8392   6982   8135   7046   7687   6662 ------- 27482  33696  28828  33953  27995  34850  29981  33568  29020  34785  29276  34145  28700  35426  27290  34721  29660  35682  28379  34401  28059  35234  28123  33696  28251  33568  28828  33056  27739  32864  27931  33056 

2465 Row - 0~32 ----   last~32 Pixels:
 27482  32735  27739  32351  29020  35042  30237  37412  30621  37284  31582  38437  29789  37156  30237  37604  28059  35810  27546  35682  25240  33248  23895  30557  22614  29276  21076  27931  20051  26393  18898  24471 ------- 33440  23767  35554  23639  35042  24343  34337  24407  34657  23959  33760  24087  35875  24151  34337  23510  34465  23575  34145  22550  34145  24023  34465  24279  35234  24151  34593  24215  34273  23703  33376  22806 

^C
















0 Row - 0~32 ----   last~32 Pixels:
 12492  15823  12748  15887  12428  15631  13068  15759  12812  15695  13068  15310  12364  16271  12620  16464  13196  15503  13453  15631  13132  16015  13325  15823  13068  16079  12492  16207  13132  16143  13773  16143 ------- 11146  12748  10762  12940  11210  13517  11210  13196  10826  13132  11275  12620  11146  12620  10762  13260  11467  13260  11275  13196  11403  13068  11851  12492  10954  13517  10890  13068  11467  12492  10698  13196  11403  12940  11018  12940  11018  12940 ||||||||||| 11339  13389  11467  13068  11339  12748  11403  12940  11082  12684  11531  12556  11082  13004  12107  13132  11531  12940  11723  12876  11275  12812  11275  12940  11339  13068  11018  12748  11275  13196  11210  12812 -------  8392   9545   8264   9865   8328   9160   8776   9993   8520  10442   8328  10314   8520   9801   8648   9545  15246  10762  14542  10826  15439  11018  15439  11018  15567  10570  15887  10634  15567  10954  16528  11275 

1 Row - 0~32 ----   last~32 Pixels:
 15887  11275  16079  11531  16400  11531  16271  11146  16335  10826  15631  11339  16592  11339  15951  11146  16207  11082  16656  11082  16592  10762  16720  11146  16400  10762  16335  10506  16207  11018  16656  11146 ------- 12748  10057  13132   9801  13260   9929  12300   9929  13132  10057  12876   9609  12300  10442  12428  10121  12492  10185  12300  10570  13196  10570  12492   9865  12235   9417  13068   9929  12620  10121  12876  10121  13965   9865  13389  10250  12492   9993 ||||||||||| 12812   9865  12556  10314  12748   9737  12876   9865  13004   9993  13325  10442  12876   9865  12620   9865  12812   9673  13004   9801  12940   9865  12876   9481  13581  10185  13196  10250  13260   9929  12812   9609 -------  9865   7367   9417   7879   9417   7751   9737   7495   9801   8007  10634   7623  10057   7495   9481   7431      0      0      0      0      0      0      0      0      0      0      0      0      0      0      0      0 

2 Row - 0~32 ----   last~32 Pixels:
 12556  15759  12556  15951  12684  15503  13260  16015  12748  15503  12940  15695  13260  15823  12876  15439  13004  16464  12492  15375  13132  15951  12876  15887  13068  16464  13196  15695  13453  15887  13389  16400 ------- 11146  13260  11339  13389  11659  12428  11146  12620  11659  12812  11082  12940  11146  12876  11018  13196  11595  13389  11082  12876  11339  13325  11403  13132  11082  13132  11595  13196  11275  12748  11210  12684  11531  13004  10954  12684  10890  13260 ||||||||||| 11723  13132  11018  13068  11082  12940  11531  12876  11146  12876  11275  13260  10954  13260  11339  12428  11146  12876  10954  12684  10698  12556  11403  13068  11146  12876  11146  13004  10890  13132  11339  12812 -------  8520   9353   8584   9481   8776   9993   8200   9673   8776   9545   8264  10121   8648   9865   8456   9609  15631  11082  15310  10762  15823  10698  15182  10826  15759  10890  15118  11146  15118  10890  16592  10762 

3 Row - 0~32 ----   last~32 Pixels:
 16592  11339  15759  11146  15887  11531  15951  10826  15375  11339  16143  11146  15951  11082  16271  11339  15503  11210  16335  11275  15631  11146  16207  11146  15503  11467  15823  11146  16656  11275  16464  11659 ------- 13517   9673  12684   9673  13132   9673  12748  10250  13389   9801  12620  10185  12620   9737  12876  10057  13004  10378  12812   9737  13196   9737  13325   9417  12876  10185  13004   9865  13132   9993  12492   9929  12556   9801  12812   9737  12364   9865 ||||||||||| 12876   9993  13260   9929  12684   9737  13068   9929  12940   9673  12620   9545  13645   9865  12876   9993  12684  10314  13068   9993  12812   9865  12364  10250  13068  10314  13196   9353  13132   9929  13260   9929 -------  9609   7751   9481   7367  10057   8071   9737   7687  10057   7751  10250   7367   9865   7687  10121   7367      0      0      0      0      0      0      0      0      0      0      0      0      0      0      0      0 

2463 Row - 0~32 ----   last~32 Pixels:
  5637   4868   5445   4740   5445   4740   5573   4868   5381   4676   5060   4612   5125   4612   4868   4484   4804   4548   4804   4548   4804   4740   4740   4676   4804   4612   4804   4676   4740   4612   4804   4676 ------- 16976  10506  16976  11018  16976  10762  16848  11018  18193  11146  17232  11467  16400  11082  17168  11339      0      0      0      0      0      0      0      0      0      0      0      0      0      0      0      0 

2464 Row - 0~32 ----   last~32 Pixels:
     0      0      0      0      0      0      0      0      0      0      0      0      0      0      0      0      0      0      0      0      0      0      0      0      0      0      0      0      0      0      0      0 -------     0      0      0      0      0      0      0      0      0      0      0      0      0      0      0      0      0      0      0      0      0      0      0      0      0      0      0      0      0      0      0      0 

2465 Row - 0~32 ----   last~32 Pixels:
     0      0      0      0      0      0      0      0      0      0      0      0      0      0      0      0      0      0      0      0      0      0      0      0      0      0      0      0      0      0      0      0 -------     0      0      0      0      0      0      0      0      0      0      0      0      0      0      0      0      0      0      0      0      0      0      0      0      0      0      0      0      0      0      0      0 

captureOpencv() 실행 시간: 974 ms
0 Row - 0~32 ----   last~32 Pixels:
 12748  15759  13325  16271  12684  15567  13389  16079  12620  15375  13517  16143  13645  16592  13132  15759  12748  15631  12812  16656  12812  16720  13132  15759  12940  16592  13389  16143  13645  16528  13901  16335 ------- 11851  13773  10698  12876  11339  12748  10762  13901  11339  12556  11403  12107  11339  13132  11146  13196  11403  13004  10890  13004  11082  12812  11467  13196  11082  12748  11787  12171  11787  13004  10954  13645  11659  12940  11275  13068  11723  13068 ||||||||||| 11146  12876  10826  12940  11659  13581  11275  12876  11210  12748  11595  13132  11275  12940  11082  12748  11146  13068  11339  12492  11659  12812  11467  13068  11018  13517  11146  13196  11210  12684  11467  13453 -------  8968   9801   8456  10121   8584   9737   8520   9801   8135   9801   8007   9929   8840   9801   8712  10570  16015  11082  15823  11018  15695  11082  15439  11082  15310  11210  16464  10698  15310  11339  16143  10570 

1 Row - 0~32 ----   last~32 Pixels:
 16720  11082  16400  11082  15631  11339  16400  11403  15887  11210  16400  11339  16464  11403  15951  11339  16464  11979  15823  11339  16528  11210  16400  11595  16464  11210  16079  11723  16335  11531  16079  11339 ------- 13325  10250  12876   9929  12620   9993  12748   9673  12556   9673  13453  10185  12684  10250  12876  10185  12812  10057  12364  10250  12492   9737  13581  10314  12876  10250  13132  10250  12876   9993  13132  10185  12428   9993  13581  10378  13325  10121 ||||||||||| 13517  10057  12556  10121  13004   9929  13004   9865  13453  10057  13068  10185  12812   9993  13068   9993  12876  10121  12684   9417  13004  10250  12940  10250  13068  10121  13260  10314  12492  10314  12556  10185 -------  9993   7559   9865   7815   9993   8007   9929   7687   9096   7879   9737   7815  10057   7751  10185   7751      0      0      0      0      0      0      0      0      0      0      0      0      0      0      0      0 

2 Row - 0~32 ----   last~32 Pixels:
 12235  15759  12812  15759  13325  15887  12492  16015  13581  15182  12684  15375  13773  16271  13260  15567  13068  16271  13132  16015  12620  16528  12876  16271  13453  16079  14093  15887  13196  16207  13517  15951 ------- 11467  13325  11339  13004  11595  13196  10826  12876  11339  12171  11018  12492  11082  13068  11723  13837  11275  12812  11275  12940  11210  12620  11210  12812  11339  13773  11723  13004  11275  12876  11275  12812  11018  12748  10954  13068  11531  13004 ||||||||||| 11531  13132  11403  13517  11403  12876  11146  13196  11339  12748  11531  12940  11210  12812  11531  12940  10634  12556  11659  12748  11595  13389  11467  12748  11339  12492  10826  12748  11403  13773  11595  13837 -------  8520   9865   9225   9353   8584   9993   8392  10121   8328   9673   8712   9673   8712   9801   8456  10634  15567  10826  15887  10378  14798  11146  15631  10698  15310  11018  15054  11018  15375  11082  16271  11979 

3 Row - 0~32 ----   last~32 Pixels:
 16271  10890  16143  11531  16976  11018  16207  11210  15695  11595  16400  11082  16528  11467  16015  11531  16015  11531  16143  11275  16720  11339  16143  11403  16079  11595  16464  11659  15951  11723  16848  11723 ------- 12940   9801  12428   9673  12684  10121  13004  10442  12620   9993  13517  10185  13004   9929  13196   9929  13004  10442  13004  10378  12940  10121  13196   9673  12876   9865  13196   9865  13196  10314  13068   9929  13004  10250  13453  10442  12684  10185 ||||||||||| 13132  10378  12620   9673  12876  10121  13132   9929  13389   9865  13260  10057  12748  10378  12940   9929  13260   9673  13581  10250  13068   9737  12684   9929  12748   9865  13517  10121  13389   9993  13453   9417 -------  9673   7943   9673   8200  10057   7815   9737   7687  10121   7879   9609   7943   9737   7687   9737   7751      0      0      0      0      0      0      0      0      0      0      0      0      0      0      0      0 

2463 Row - 0~32 ----   last~32 Pixels:
  5765   4804   5253   4804   5445   4932   5445   4676   5189   4612   5253   4676   4996   4740   5189   4484   4804   4548   4804   4612   4804   4676   4740   4548   4868   4548   4804   4612   4676   4676   4932   4676 ------- 16656  11146  17360  11146  17104  11339  16976  11339  17360  11403  18001  11403  16976  10826  16528  11082      0      0      0      0      0      0      0      0      0      0      0      0      0      0      0      0 

2464 Row - 0~32 ----   last~32 Pixels:
     0      0      0      0      0      0      0      0      0      0      0      0      0      0      0      0      0      0      0      0      0      0      0      0      0      0      0      0      0      0      0      0 ------- 10890  12556  11467  12812  11531  13517  11275  12620  10954  12940  11146  13068  11403  12876  11659  12940  11339  13325  11275  13004  11082  12620  10826  12684  11339  12876  11595  12940  10890  13068  11659  13645 

2465 Row - 0~32 ----   last~32 Pixels:
 11146  13068  11146  13004  10890  12940  11723  13068  11403  12556  11146  13325  11659  12876  11595  12940  11659  13901  11403  13132  10954  13389  11275  12812  11339  13132  11659  12428  11723  13068  11659  13260 ------- 12876  10121  12620  10121  12428   9993  13196   9993  12812   9481  13196   9673  13196  10506  12876   9993  12556  10057  13004  10314  13068   9865  13517  10057  13325   9609  13196  10250  13196  10121  13004  10378 

^C
